255 255 255 255 255 255 255 255 255 255 255 255 255 255 255 255
255 235 183 183 183 183 183 183 183 183 183 183 183 183 235 255
255 183   0   0   0   0   0   0   0   0   0   0   0   0 183 255
255 183   0   0   0   0   0   0   0   0   0   0   0   0 183 255
255 183   0   0 171 202 202 202 202 202 202 171   0   0 183 255
255 183   0   0 196 240 240 240 240 234 232 196   0   0 183 255
255 183   0   0  44 240 240 240 240  52   0   0   0   0 183 255
255 183   0   0 202 240 240 240 240  52   0   0   0   0 183 255
255 183   0   0  82 236 129 240 240  52   0   0   0   0 183 255
255 183   0   0   0  51  11  52  52  11   0   0   0   0 183 255
255 183   0   0 196 232 232 232 232 232 232 196   0   0 183 255
255 183   0   0 171 202 202 202 202 202 202 171   0   0 183 255
255 183   0   0   0   0   0   0   0   0   0   0   0   0 183 255
255 183   0   0   0   0   0   0   0   0   0   0   0   0 183 255
255 235 183 183 183 183 183 183 183 183 183 183 183 183 235 255
255 255 255 255 255 255 255 255 255 255 255 255 255 255 255 255
255 255 255 255 255 255 255 255 255 255 255 255 255 255 255 255
255 235 183 183 183 183 183 183 183 183 183 183 183 183 235 255
255 183   0   0   0   0   0   0   0   0   0   0   0   0 183 255
255 183   0   0   0   0   0   0   0   0   0   0   0   0 183 255
255 183   0   0 171 202 202 202 202 202 202 171   0   0 183 255
255 183   0   0 196 240 240 240 240 234 232 196   0   0 183 255
255 183   0   0  44 240 240 240 240  52   0   0   0   0 183 255
255 183   0   0 202 240 240 240 240  52   0   0   0   0 183 255
255 183   0   0  82 236 129 240 240  52   0   0   0   0 183 255
255 183   0   0   0  51  11  52  52  11   0   0   0   0 183 255
255 183   0   0 196 232 232 232 232 232 232 196   0   0 183 255
255 183   0   0 171 202 202 202 202 202 202 171   0   0 183 255
255 183   0   0   0   0   0   0   0   0   0   0   0   0 183 255
255 183   0   0   0   0   0   0   0   0   0   0   0   0 183 255
255 235 183 183 183 183 183 183 183 183 183 183 183 183 235 255
255 255 255 255 255 255 255 255 255 255 255 255 255 255 255 255
255 255 255 255 255 255 255 255 255 255 255 255 255 255 255 255
255 235 183 183 183 183 183 183 183 183 183 183 183 183 235 255
255 183   0   0   0   0   0   0   0   0   0   0   0   0 183 255
255 183   0   0   0   0   0   0   0   0   0   0   0   0 183 255
255 183   0   0 171 202 202 202 202 202 202 171   0   0 183 255
255 183   0   0 196 240 240 240 240 234 232 196   0   0 183 255
255 183   0   0  44 240 240 240 240  52   0   0   0   0 183 255
255 183   0   0 202 240 240 240 240  52   0   0   0   0 183 255
255 183   0   0  82 236 129 240 240  52   0   0   0   0 183 255
255 183   0   0   0  51  11  52  52  11   0   0   0   0 183 255
255 183   0   0 196 232 232 232 232 232 232 196   0   0 183 255
255 183   0   0 171 202 202 202 202 202 202 171   0   0 183 255
255 183   0   0   0   0   0   0   0   0   0   0   0   0 183 255
255 183   0   0   0   0   0   0   0   0   0   0   0   0 183 255
255 235 183 183 183 183 183 183 183 183 183 183 183 183 235 255
255 255 255 255 255 255 255 255 255 255 255 255 255 255 255 255

255 254 252 252 252 252 252 252 252 252 252 252 252 252 254 255
254 229 184 175 174 174 174 174 174 174 174 174 175 184 229 254
252 184  57  32  31  31  31  31  31  31  31  31  32  57 184 252
252 175  32  31  70  63  18   2   2  18  63  70  31  32 175 252
252 174  31  70 171 153  40   0   0  40 153 171  70  31 174 252
252 174  31  82 203 181  48   1   1  48 181 203  82  31 174 252
252 174  31  82 203 195  93  57  44  61 181 203  82  31 174 252
252 174  31  82 203 226 195 181 140  92 182 203  82  31 174 252
252 174  31  82 203 239 236 217 151  92 182 203  82  31 174 252
252 174  31  82 203 238 235 199 107  71 181 203  82  31 174 252
252 174  31  82 203 220 209 208 129  72 181 203  82  31 174 252
252 174  31  70 171 161 114 133  85  55 153 171  70  31 174 252
252 175  32  31  70  63  27  28  15  19  63  70  31  32 175 252
252 184  57  32  31  31  31  31  31  31  31  31  32  57 184 252
254 229 184 175 174 174 174 174 174 174 174 174 175 184 229 254
255 254 252 252 252 252 252 252 252 252 252 252 252 252 254 255
255 254 252 252 252 252 252 252 252 252 252 252 252 252 254 255
254 229 184 175 174 174 174 174 174 174 174 174 175 184 229 254
252 184  57  32  31  31  31  31  31  31  31  31  32  57 184 252
252 175  32  31  70  63  18   2   2  18  63  70  31  32 175 252
252 174  31  70 171 153  40   0   0  40 153 171  70  31 174 252
252 174  31  82 203 181  48   1   1  48 181 203  82  31 174 252
252 174  31  82 203 195  93  57  44  61 181 203  82  31 174 252
252 174  31  82 203 226 195 181 140  92 182 203  82  31 174 252
252 174  31  82 203 239 236 217 151  92 182 203  82  31 174 252
252 174  31  82 203 238 235 199 107  71 181 203  82  31 174 252
252 174  31  82 203 220 209 208 129  72 181 203  82  31 174 252
252 174  31  70 171 161 114 133  85  55 153 171  70  31 174 252
252 175  32  31  70  63  27  28  15  19  63  70  31  32 175 252
252 184  57  32  31  31  31  31  31  31  31  31  32  57 184 252
254 229 184 175 174 174 174 174 174 174 174 174 175 184 229 254
255 254 252 252 252 252 252 252 252 252 252 252 252 252 254 255
255 254 252 252 252 252 252 252 252 252 252 252 252 252 254 255
254 229 184 175 174 174 174 174 174 174 174 174 175 184 229 254
252 184  57  32  31  31  31  31  31  31  31  31  32  57 184 252
252 175  32  31  70  63  18   2   2  18  63  70  31  32 175 252
252 174  31  70 171 153  40   0   0  40 153 171  70  31 174 252
252 174  31  82 203 181  48   1   1  48 181 203  82  31 174 252
252 174  31  82 203 195  93  57  44  61 181 203  82  31 174 252
252 174  31  82 203 226 195 181 140  92 182 203  82  31 174 252
252 174  31  82 203 239 236 217 151  92 182 203  82  31 174 252
252 174  31  82 203 238 235 199 107  71 181 203  82  31 174 252
252 174  31  82 203 220 209 208 129  72 181 203  82  31 174 252
252 174  31  70 171 161 114 133  85  55 153 171  70  31 174 252
252 175  32  31  70  63  27  28  15  19  63  70  31  32 175 252
252 184  57  32  31  31  31  31  31  31  31  31  32  57 184 252
254 229 184 175 174 174 174 174 174 174 174 174 175 184 229 254
255 254 252 252 252 252 252 252 252 252 252 252 252 252 254 255

255 254 252 252 252 252 252 252 252 252 252 252 252 252 254 255
254 229 184 175 174 174 174 174 174 174 174 174 175 184 229 254
252 184  57  32  31  31  31  31  31  31  31  31  32  57 184 252
252 175  32  31  70  82  82  82  82  82  82  70  31  32 175 252
252 174  31  70 171 203 203 203 203 203 203 171  70  31 174 252
252 174  31  63 153 181 181 182 182 181 181 153  63  31 174 252
252 174  31  18  40  48  61  92  92  71  72  55  19  31 174 252
252 174  31   2   0   1  44 140 151 107 129  85  15  31 174 252
252 174  31   2   0   1  57 181 217 199 208 133  28  31 174 252
252 174  31  18  40  48  93 195 236 235 209 114  27  31 174 252
252 174  31  63 153 181 195 226 239 238 220 161  63  31 174 252
252 174  31  70 171 203 203 203 203 203 203 171  70  31 174 252
252 175  32  31  70  82  82  82  82  82  82  70  31  32 175 252
252 184  57  32  31  31  31  31  31  31  31  31  32  57 184 252
254 229 184 175 174 174 174 174 174 174 174 174 175 184 229 254
255 254 252 252 252 252 252 252 252 252 252 252 252 252 254 255
255 254 252 252 252 252 252 252 252 252 252 252 252 252 254 255
254 229 184 175 174 174 174 174 174 174 174 174 175 184 229 254
252 184  57  32  31  31  31  31  31  31  31  31  32  57 184 252
252 175  32  31  70  82  82  82  82  82  82  70  31  32 175 252
252 174  31  70 171 203 203 203 203 203 203 171  70  31 174 252
252 174  31  63 153 181 181 182 182 181 181 153  63  31 174 252
252 174  31  18  40  48  61  92  92  71  72  55  19  31 174 252
252 174  31   2   0   1  44 140 151 107 129  85  15  31 174 252
252 174  31   2   0   1  57 181 217 199 208 133  28  31 174 252
252 174  31  18  40  48  93 195 236 235 209 114  27  31 174 252
252 174  31  63 153 181 195 226 239 238 220 161  63  31 174 252
252 174  31  70 171 203 203 203 203 203 203 171  70  31 174 252
252 175  32  31  70  82  82  82  82  82  82  70  31  32 175 252
252 184  57  32  31  31  31  31  31  31  31  31  32  57 184 252
254 229 184 175 174 174 174 174 174 174 174 174 175 184 229 254
255 254 252 252 252 252 252 252 252 252 252 252 252 252 254 255
255 254 252 252 252 252 252 252 252 252 252 252 252 252 254 255
254 229 184 175 174 174 174 174 174 174 174 174 175 184 229 254
252 184  57  32  31  31  31  31  31  31  31  31  32  57 184 252
252 175  32  31  70  82  82  82  82  82  82  70  31  32 175 252
252 174  31  70 171 203 203 203 203 203 203 171  70  31 174 252
252 174  31  63 153 181 181 182 182 181 181 153  63  31 174 252
252 174  31  18  40  48  61  92  92  71  72  55  19  31 174 252
252 174  31   2   0   1  44 140 151 107 129  85  15  31 174 252
252 174  31   2   0   1  57 181 217 199 208 133  28  31 174 252
252 174  31  18  40  48  93 195 236 235 209 114  27  31 174 252
252 174  31  63 153 181 195 226 239 238 220 161  63  31 174 252
252 174  31  70 171 203 203 203 203 203 203 171  70  31 174 252
252 175  32  31  70  82  82  82  82  82  82  70  31  32 175 252
252 184  57  32  31  31  31  31  31  31  31  31  32  57 184 252
254 229 184 175 174 174 174 174 174 174 174 174 175 184 229 254
255 254 252 252 252 252 252 252 252 252 252 252 252 252 254 255

255 254 252 252 252 252 252 252 252 252 252 252 252 252 254 255
254 229 184 175 174 174 174 174 174 174 174 174 175 184 229 254
252 184  57  32  31  31  31  31  31  31  31  31  32  57 184 252
252 175  32  31  70  63  19  15  28  27  63  70  31  32 175 252
252 174  31  70 171 153  55  85 133 114 161 171  70  31 174 252
252 174  31  82 203 181  72 129 208 209 220 203  82  31 174 252
252 174  31  82 203 181  71 107 199 235 238 203  82  31 174 252
252 174  31  82 203 182  92 151 217 236 239 203  82  31 174 252
252 174  31  82 203 182  92 140 181 195 226 203  82  31 174 252
252 174  31  82 203 181  61  44  57  93 195 203  82  31 174 252
252 174  31  82 203 181  48   1   1  48 181 203  82  31 174 252
252 174  31  70 171 153  40   0   0  40 153 171  70  31 174 252
252 175  32  31  70  63  18   2   2  18  63  70  31  32 175 252
252 184  57  32  31  31  31  31  31  31  31  31  32  57 184 252
254 229 184 175 174 174 174 174 174 174 174 174 175 184 229 254
255 254 252 252 252 252 252 252 252 252 252 252 252 252 254 255
255 254 252 252 252 252 252 252 252 252 252 252 252 252 254 255
254 229 184 175 174 174 174 174 174 174 174 174 175 184 229 254
252 184  57  32  31  31  31  31  31  31  31  31  32  57 184 252
252 175  32  31  70  63  19  15  28  27  63  70  31  32 175 252
252 174  31  70 171 153  55  85 133 114 161 171  70  31 174 252
252 174  31  82 203 181  72 129 208 209 220 203  82  31 174 252
252 174  31  82 203 181  71 107 199 235 238 203  82  31 174 252
252 174  31  82 203 182  92 151 217 236 239 203  82  31 174 252
252 174  31  82 203 182  92 140 181 195 226 203  82  31 174 252
252 174  31  82 203 181  61  44  57  93 195 203  82  31 174 252
252 174  31  82 203 181  48   1   1  48 181 203  82  31 174 252
252 174  31  70 171 153  40   0   0  40 153 171  70  31 174 252
252 175  32  31  70  63  18   2   2  18  63  70  31  32 175 252
252 184  57  32  31  31  31  31  31  31  31  31  32  57 184 252
254 229 184 175 174 174 174 174 174 174 174 174 175 184 229 254
255 254 252 252 252 252 252 252 252 252 252 252 252 252 254 255
255 254 252 252 252 252 252 252 252 252 252 252 252 252 254 255
254 229 184 175 174 174 174 174 174 174 174 174 175 184 229 254
252 184  57  32  31  31  31  31  31  31  31  31  32  57 184 252
252 175  32  31  70  63  19  15  28  27  63  70  31  32 175 252
252 174  31  70 171 153  55  85 133 114 161 171  70  31 174 252
252 174  31  82 203 181  72 129 208 209 220 203  82  31 174 252
252 174  31  82 203 181  71 107 199 235 238 203  82  31 174 252
252 174  31  82 203 182  92 151 217 236 239 203  82  31 174 252
252 174  31  82 203 182  92 140 181 195 226 203  82  31 174 252
252 174  31  82 203 181  61  44  57  93 195 203  82  31 174 252
252 174  31  82 203 181  48   1   1  48 181 203  82  31 174 252
252 174  31  70 171 153  40   0   0  40 153 171  70  31 174 252
252 175  32  31  70  63  18   2   2  18  63  70  31  32 175 252
252 184  57  32  31  31  31  31  31  31  31  31  32  57 184 252
254 229 184 175 174 174 174 174 174 174 174 174 175 184 229 254
255 254 252 252 252 252 252 252 252 252 252 252 252 252 254 255
