  0   0   0   0   0   0   0   0   0   0   0   0   0   0   0   0
  0 255 255 255 255 255 255 255 255 255 255 255 255 255 255   0
  0 255 255 255 255 255 255 255 255 255 255 255 255 255 255   0
  0 255 255 255 255 255 255 255 255 255 255 255 255 255 255   0
  0 255 255 255 255 236 231 235 255 255 255 255 255 255 255   0
  0 255 112  56  56  12   0  40 255 255 255 255 255 255 255   0
  0 255  72   0   0   0   0  40 255 255 255 255 255 255 255   0
  0 255  72   0   0   0   0   0 182 215 215 251 255 255 255   0
  0 255  72   0   0   0   0   0   0   0   0  36  40 255 255   0
  0 255 169  80  13 135 135 135 135  72 135  13 135 255 255   0
  0 255 255 151  46 199 199 199 199 106 199  19   0  86 255   0
  0 255 255 245 231 231 231 231 231 231 231 231 231 244 255   0
  0 255 255 255 255 255 255 255 255 255 255 255 255 255 255   0
  0 255 255 255 255 255 255 255 255 255 255 255 255 255 255   0
  0 255 255 255 255 255 255 255 255 255 255 255 255 255 255   0
  0   0   0   0   0   0   0   0   0   0   0   0   0   0   0   0
  0   0   0   0   0   0   0   0   0   0   0   0   0   0   0   0
  0 255 255 255 255 255 255 255 255 255 255 255 255 255 255   0
  0 255 255 255 255 255 255 255 255 255 255 255 255 255 255   0
  0 255 255 255 255 255 255 255 255 255 255 255 255 255 255   0
  0 255 255 255 255 236 231 235 255 255 255 255 255 255 255   0
  0 255 112  56  56  12   0  40 255 255 255 255 255 255 255   0
  0 255  72   0   0   0   0  40 255 255 255 255 255 255 255   0
  0 255  72   0   0   0   0   0 182 215 215 251 255 255 255   0
  0 255  72   0   0   0   0   0   0   0   0  36  40 255 255   0
  0 255 169  80  13 135 135 135 135  72 135  13 135 255 255   0
  0 255 255 151  46 199 199 199 199 106 199  19   0  86 255   0
  0 255 255 245 231 231 231 231 231 231 231 231 231 244 255   0
  0 255 255 255 255 255 255 255 255 255 255 255 255 255 255   0
  0 255 255 255 255 255 255 255 255 255 255 255 255 255 255   0
  0 255 255 255 255 255 255 255 255 255 255 255 255 255 255   0
  0   0   0   0   0   0   0   0   0   0   0   0   0   0   0   0
  0   0   0   0   0   0   0   0   0   0   0   0   0   0   0   0
  0 255 255 255 255 255 255 255 255 255 255 255 255 255 255   0
  0 255 255 255 255 255 255 255 255 255 255 255 255 255 255   0
  0 255 255 255 255 255 255 255 255 255 255 255 255 255 255   0
  0 255 255 255 255 236 231 235 255 255 255 255 255 255 255   0
  0 255 112  56  56  12   0  40 255 255 255 255 255 255 255   0
  0 255  72   0   0   0   0  40 255 255 255 255 255 255 255   0
  0 255  72   0   0   0   0   0 182 215 215 251 255 255 255   0
  0 255  72   0   0   0   0   0   0   0   0  36  40 255 255   0
  0 255 169  80  13 135 135 135 135  72 135  13 135 255 255   0
  0 255 255 151  46 199 199 199 199 106 199  19   0  86 255   0
  0 255 255 245 231 231 231 231 231 231 231 231 231 244 255   0
  0 255 255 255 255 255 255 255 255 255 255 255 255 255 255   0
  0 255 255 255 255 255 255 255 255 255 255 255 255 255 255   0
  0 255 255 255 255 255 255 255 255 255 255 255 255 255 255   0
  0   0   0   0   0   0   0   0   0   0   0   0   0   0   0   0

  0   0   0   0   0   0   0   0   0   0   0   0   0   0   0   0
  0 103 161 163 163 163 163 163 163 163 162 163 163 161 103   0
  0 161 249 252 252 252 252 252 224 220 159 239 252 249 161   0
  0 163 252 255 255 255 255 247 102 125  90 211 255 252 163   0
  0 163 252 255 255 255 255 228  28  51  58 201 255 252 163   0
  0 163 252 255 255 255 255 185  12 142 142 197 255 252 163   0
  0 163 252 255 255 255 255 144   6  70  76 194 255 252 163   0
  0 163 252 255 253 242 240 110   2 136 136 194 255 252 163   0
  0 163 252 255 226  79  60  40   0 149 149 196 255 252 163   0
  0 163 252 255 229  19   0   0   0 149 149 202 255 252 163   0
  0 163 252 255 242  38   0   0   0 147 148 214 255 252 163   0
  0 163 252 255 246  62   0   0   0  92 101 230 255 252 163   0
  0 163 252 255 250  87   0   0   0 109 133 242 255 252 163   0
  0 161 249 252 251 164  86  79  89 193 219 247 252 249 161   0
  0 103 161 163 163 163 162 161 162 163 163 163 163 161 103   0
  0   0   0   0   0   0   0   0   0   0   0   0   0   0   0   0
  0   0   0   0   0   0   0   0   0   0   0   0   0   0   0   0
  0 103 161 163 163 163 163 163 163 163 162 163 163 161 103   0
  0 161 249 252 252 252 252 252 224 220 159 239 252 249 161   0
  0 163 252 255 255 255 255 247 102 125  90 211 255 252 163   0
  0 163 252 255 255 255 255 228  28  51  58 201 255 252 163   0
  0 163 252 255 255 255 255 185  12 142 142 197 255 252 163   0
  0 163 252 255 255 255 255 144   6  70  76 194 255 252 163   0
  0 163 252 255 253 242 240 110   2 136 136 194 255 252 163   0
  0 163 252 255 226  79  60  40   0 149 149 196 255 252 163   0
  0 163 252 255 229  19   0   0   0 149 149 202 255 252 163   0
  0 163 252 255 242  38   0   0   0 147 148 214 255 252 163   0
  0 163 252 255 246  62   0   0   0  92 101 230 255 252 163   0
  0 163 252 255 250  87   0   0   0 109 133 242 255 252 163   0
  0 161 249 252 251 164  86  79  89 193 219 247 252 249 161   0
  0 103 161 163 163 163 162 161 162 163 163 163 163 161 103   0
  0   0   0   0   0   0   0   0   0   0   0   0   0   0   0   0
  0   0   0   0   0   0   0   0   0   0   0   0   0   0   0   0
  0 103 161 163 163 163 163 163 163 163 162 163 163 161 103   0
  0 161 249 252 252 252 252 252 224 220 159 239 252 249 161   0
  0 163 252 255 255 255 255 247 102 125  90 211 255 252 163   0
  0 163 252 255 255 255 255 228  28  51  58 201 255 252 163   0
  0 163 252 255 255 255 255 185  12 142 142 197 255 252 163   0
  0 163 252 255 255 255 255 144   6  70  76 194 255 252 163   0
  0 163 252 255 253 242 240 110   2 136 136 194 255 252 163   0
  0 163 252 255 226  79  60  40   0 149 149 196 255 252 163   0
  0 163 252 255 229  19   0   0   0 149 149 202 255 252 163   0
  0 163 252 255 242  38   0   0   0 147 148 214 255 252 163   0
  0 163 252 255 246  62   0   0   0  92 101 230 255 252 163   0
  0 163 252 255 250  87   0   0   0 109 133 242 255 252 163   0
  0 161 249 252 251 164  86  79  89 193 219 247 252 249 161   0
  0 103 161 163 163 163 162 161 162 163 163 163 163 161 103   0
  0   0   0   0   0   0   0   0   0   0   0   0   0   0   0   0

  0   0   0   0   0   0   0   0   0   0   0   0   0   0   0   0
  0 103 161 163 163 163 163 163 163 163 163 163 163 161 103   0
  0 161 249 252 252 252 252 252 252 252 252 252 252 249 161   0
  0 163 252 255 255 255 255 255 255 255 255 255 255 252 163   0
  0 163 239 211 201 197 194 194 196 202 214 230 242 247 163   0
  0 162 159  90  58 142  76 136 149 149 148 101 133 219 163   0
  0 163 220 125  51 142  70 136 149 149 147  92 109 193 163   0
  0 163 224 102  28  12   6   2   0   0   0   0   0  89 162   0
  0 163 252 247 228 185 144 110  40   0   0   0   0  79 161   0
  0 163 252 255 255 255 255 240  60   0   0   0   0  86 162   0
  0 163 252 255 255 255 255 242  79  19  38  62  87 164 163   0
  0 163 252 255 255 255 255 253 226 229 242 246 250 251 163   0
  0 163 252 255 255 255 255 255 255 255 255 255 255 252 163   0
  0 161 249 252 252 252 252 252 252 252 252 252 252 249 161   0
  0 103 161 163 163 163 163 163 163 163 163 163 163 161 103   0
  0   0   0   0   0   0   0   0   0   0   0   0   0   0   0   0
  0   0   0   0   0   0   0   0   0   0   0   0   0   0   0   0
  0 103 161 163 163 163 163 163 163 163 163 163 163 161 103   0
  0 161 249 252 252 252 252 252 252 252 252 252 252 249 161   0
  0 163 252 255 255 255 255 255 255 255 255 255 255 252 163   0
  0 163 239 211 201 197 194 194 196 202 214 230 242 247 163   0
  0 162 159  90  58 142  76 136 149 149 148 101 133 219 163   0
  0 163 220 125  51 142  70 136 149 149 147  92 109 193 163   0
  0 163 224 102  28  12   6   2   0   0   0   0   0  89 162   0
  0 163 252 247 228 185 144 110  40   0   0   0   0  79 161   0
  0 163 252 255 255 255 255 240  60   0   0   0   0  86 162   0
  0 163 252 255 255 255 255 242  79  19  38  62  87 164 163   0
  0 163 252 255 255 255 255 253 226 229 242 246 250 251 163   0
  0 163 252 255 255 255 255 255 255 255 255 255 255 252 163   0
  0 161 249 252 252 252 252 252 252 252 252 252 252 249 161   0
  0 103 161 163 163 163 163 163 163 163 163 163 163 161 103   0
  0   0   0   0   0   0   0   0   0   0   0   0   0   0   0   0
  0   0   0   0   0   0   0   0   0   0   0   0   0   0   0   0
  0 103 161 163 163 163 163 163 163 163 163 163 163 161 103   0
  0 161 249 252 252 252 252 252 252 252 252 252 252 249 161   0
  0 163 252 255 255 255 255 255 255 255 255 255 255 252 163   0
  0 163 239 211 201 197 194 194 196 202 214 230 242 247 163   0
  0 162 159  90  58 142  76 136 149 149 148 101 133 219 163   0
  0 163 220 125  51 142  70 136 149 149 147  92 109 193 163   0
  0 163 224 102  28  12   6   2   0   0   0   0   0  89 162   0
  0 163 252 247 228 185 144 110  40   0   0   0   0  79 161   0
  0 163 252 255 255 255 255 240  60   0   0   0   0  86 162   0
  0 163 252 255 255 255 255 242  79  19  38  62  87 164 163   0
  0 163 252 255 255 255 255 253 226 229 242 246 250 251 163   0
  0 163 252 255 255 255 255 255 255 255 255 255 255 252 163   0
  0 161 249 252 252 252 252 252 252 252 252 252 252 249 161   0
  0 103 161 163 163 163 163 163 163 163 163 163 163 161 103   0
  0   0   0   0   0   0   0   0   0   0   0   0   0   0   0   0

  0   0   0   0   0   0   0   0   0   0   0   0   0   0   0   0
  0 103 161 163 163 163 163 162 161 162 163 163 163 161 103   0
  0 161 249 252 247 219 193  89  79  86 164 251 252 249 161   0
  0 163 252 255 242 133 109   0   0   0  87 250 255 252 163   0
  0 163 252 255 230 101  92   0   0   0  62 246 255 252 163   0
  0 163 252 255 214 148 147   0   0   0  38 242 255 252 163   0
  0 163 252 255 202 149 149   0   0   0  19 229 255 252 163   0
  0 163 252 255 196 149 149   0  40  60  79 226 255 252 163   0
  0 163 252 255 194 136 136   2 110 240 242 253 255 252 163   0
  0 163 252 255 194  76  70   6 144 255 255 255 255 252 163   0
  0 163 252 255 197 142 142  12 185 255 255 255 255 252 163   0
  0 163 252 255 201  58  51  28 228 255 255 255 255 252 163   0
  0 163 252 255 211  90 125 102 247 255 255 255 255 252 163   0
  0 161 249 252 239 159 220 224 252 252 252 252 252 249 161   0
  0 103 161 163 163 162 163 163 163 163 163 163 163 161 103   0
  0   0   0   0   0   0   0   0   0   0   0   0   0   0   0   0
  0   0   0   0   0   0   0   0   0   0   0   0   0   0   0   0
  0 103 161 163 163 163 163 162 161 162 163 163 163 161 103   0
  0 161 249 252 247 219 193  89  79  86 164 251 252 249 161   0
  0 163 252 255 242 133 109   0   0   0  87 250 255 252 163   0
  0 163 252 255 230 101  92   0   0   0  62 246 255 252 163   0
  0 163 252 255 214 148 147   0   0   0  38 242 255 252 163   0
  0 163 252 255 202 149 149   0   0   0  19 229 255 252 163   0
  0 163 252 255 196 149 149   0  40  60  79 226 255 252 163   0
  0 163 252 255 194 136 136   2 110 240 242 253 255 252 163   0
  0 163 252 255 194  76  70   6 144 255 255 255 255 252 163   0
  0 163 252 255 197 142 142  12 185 255 255 255 255 252 163   0
  0 163 252 255 201  58  51  28 228 255 255 255 255 252 163   0
  0 163 252 255 211  90 125 102 247 255 255 255 255 252 163   0
  0 161 249 252 239 159 220 224 252 252 252 252 252 249 161   0
  0 103 161 163 163 162 163 163 163 163 163 163 163 161 103   0
  0   0   0   0   0   0   0   0   0   0   0   0   0   0   0   0
  0   0   0   0   0   0   0   0   0   0   0   0   0   0   0   0
  0 103 161 163 163 163 163 162 161 162 163 163 163 161 103   0
  0 161 249 252 247 219 193  89  79  86 164 251 252 249 161   0
  0 163 252 255 242 133 109   0   0   0  87 250 255 252 163   0
  0 163 252 255 230 101  92   0   0   0  62 246 255 252 163   0
  0 163 252 255 214 148 147   0   0   0  38 242 255 252 163   0
  0 163 252 255 202 149 149   0   0   0  19 229 255 252 163   0
  0 163 252 255 196 149 149   0  40  60  79 226 255 252 163   0
  0 163 252 255 194 136 136   2 110 240 242 253 255 252 163   0
  0 163 252 255 194  76  70   6 144 255 255 255 255 252 163   0
  0 163 252 255 197 142 142  12 185 255 255 255 255 252 163   0
  0 163 252 255 201  58  51  28 228 255 255 255 255 252 163   0
  0 163 252 255 211  90 125 102 247 255 255 255 255 252 163   0
  0 161 249 252 239 159 220 224 252 252 252 252 252 249 161   0
  0 103 161 163 163 162 163 163 163 163 163 163 163 161 103   0
  0   0   0   0   0   0   0   0   0   0   0   0   0   0   0   0
